4.370000000000000000e+02
8.100000000000000000e+01
7.700000000000000000e+01
6.100000000000000000e+01
1.100000000000000000e+01
6.600000000000000000e+01
3.300000000000000000e+01
8.200000000000000000e+01
5.600000000000000000e+01
5.100000000000000000e+01
5.100000000000000000e+01
2.000000000000000000e+01
1.300000000000000000e+01
3.800000000000000000e+01
7.200000000000000000e+01
4.400000000000000000e+01
6.200000000000000000e+01
4.500000000000000000e+01
4.100000000000000000e+01
6.400000000000000000e+01
2.800000000000000000e+01
9.500000000000000000e+01
2.670000000000000000e+02
1.460000000000000000e+02
6.200000000000000000e+01
9.500000000000000000e+01
6.100000000000000000e+01
1.030000000000000000e+02
1.190000000000000000e+02
1.510000000000000000e+02
1.110000000000000000e+02
1.460000000000000000e+02
1.040000000000000000e+02
5.300000000000000000e+01
2.200000000000000000e+01
1.610000000000000000e+02
6.800000000000000000e+01
7.400000000000000000e+01
6.800000000000000000e+01
1.260000000000000000e+02
1.210000000000000000e+02
1.420000000000000000e+02
2.030000000000000000e+02
1.290000000000000000e+02
1.500000000000000000e+02
4.060000000000000000e+02
1.970000000000000000e+02
3.120000000000000000e+02
3.320000000000000000e+02
3.610000000000000000e+02
3.550000000000000000e+02
4.510000000000000000e+02
5.370000000000000000e+02
6.480000000000000000e+02
7.210000000000000000e+02
5.810000000000000000e+02
7.190000000000000000e+02
6.390000000000000000e+02
7.420000000000000000e+02
1.001000000000000000e+03
1.026000000000000000e+03
1.295000000000000000e+03
7.960000000000000000e+02
1.035000000000000000e+03
7.360000000000000000e+02
9.070000000000000000e+02
8.470000000000000000e+02
7.560000000000000000e+02
7.830000000000000000e+02
9.290000000000000000e+02
1.525000000000000000e+03
2.366000000000000000e+03
4.442100000000000000e+04
3.732600000000000000e+04
1.531000000000000000e+03
1.213000000000000000e+03
1.138000000000000000e+03
1.186000000000000000e+03
1.046000000000000000e+03
1.023000000000000000e+03
1.320000000000000000e+03
1.213000000000000000e+03
1.639000000000000000e+03
1.602000000000000000e+03
1.156000000000000000e+03
1.862000000000000000e+03
1.884000000000000000e+03
1.797000000000000000e+03
2.163000000000000000e+03
1.341000000000000000e+03
1.271000000000000000e+03
9.950000000000000000e+02
1.113000000000000000e+03
1.315000000000000000e+03
1.188000000000000000e+03
1.796000000000000000e+03
1.545000000000000000e+03
1.298000000000000000e+03
1.716000000000000000e+03
1.203000000000000000e+03
1.938000000000000000e+03
1.620000000000000000e+03
1.446000000000000000e+03
1.440000000000000000e+03
1.079000000000000000e+03
1.402000000000000000e+03
1.711000000000000000e+03
1.848000000000000000e+03
1.552000000000000000e+03
1.734000000000000000e+03
1.488000000000000000e+03
1.602000000000000000e+03
1.488000000000000000e+03
1.364000000000000000e+03
1.705000000000000000e+03
2.176000000000000000e+03
1.498000000000000000e+03
1.225000000000000000e+03
1.272000000000000000e+03
1.621000000000000000e+03
1.843000000000000000e+03
1.812000000000000000e+03
1.203000000000000000e+03
1.478000000000000000e+03
1.419000000000000000e+03
1.546000000000000000e+03
1.940000000000000000e+03
9.860000000000000000e+02
1.530000000000000000e+03
1.517000000000000000e+03
1.377000000000000000e+03
1.598000000000000000e+03
1.330000000000000000e+03
1.678000000000000000e+03
1.741000000000000000e+03
1.646000000000000000e+03
1.481000000000000000e+03
1.450000000000000000e+03
1.865000000000000000e+03
1.466000000000000000e+03
1.468000000000000000e+03
1.725000000000000000e+03
1.620000000000000000e+03
1.823000000000000000e+03
1.306000000000000000e+03
2.825000000000000000e+03
1.394000000000000000e+03
1.431000000000000000e+03
1.687000000000000000e+03
1.485000000000000000e+03
1.374000000000000000e+03
1.377000000000000000e+03
1.109000000000000000e+03
8.320000000000000000e+02
7.610000000000000000e+02
9.740000000000000000e+02
9.300000000000000000e+02
7.660000000000000000e+02
5.430000000000000000e+02
6.030000000000000000e+02
4.890000000000000000e+02
3.900000000000000000e+02
3.230000000000000000e+02
3.590000000000000000e+02
3.770000000000000000e+02
1.380000000000000000e+02
1.940000000000000000e+02
1.000000000000000000e+02
1.080000000000000000e+02
1.160000000000000000e+02
9.200000000000000000e+01
6.000000000000000000e+01
3.800000000000000000e+01
8.400000000000000000e+01
1.000000000000000000e+02
6.000000000000000000e+01
2.500000000000000000e+01
3.900000000000000000e+01
1.170000000000000000e+02
3.600000000000000000e+01
6.900000000000000000e+01
3.700000000000000000e+01
5.100000000000000000e+01
3.300000000000000000e+01
4.000000000000000000e+01
3.800000000000000000e+01
5.000000000000000000e+01
5.100000000000000000e+01
3.300000000000000000e+01
3.700000000000000000e+01
3.200000000000000000e+01
7.200000000000000000e+01
4.300000000000000000e+01
2.600000000000000000e+01
2.800000000000000000e+01
5.000000000000000000e+01
1.200000000000000000e+01
3.800000000000000000e+01
4.700000000000000000e+01
4.800000000000000000e+01
5.800000000000000000e+01
1.500000000000000000e+02
5.700000000000000000e+01
6.100000000000000000e+01
6.700000000000000000e+01
2.300000000000000000e+01
1.310000000000000000e+02
1.350000000000000000e+02
1.300000000000000000e+02
1.590000000000000000e+02
9.100000000000000000e+01
6.400000000000000000e+01
9.200000000000000000e+01
9.000000000000000000e+01
6.800000000000000000e+01
2.100000000000000000e+01
1.070000000000000000e+02
3.630000000000000000e+02
1.390000000000000000e+02
5.700000000000000000e+01
4.700000000000000000e+01
9.700000000000000000e+01
4.700000000000000000e+01
1.490000000000000000e+02
4.600000000000000000e+01
1.100000000000000000e+02
6.200000000000000000e+01
6.800000000000000000e+01
2.200000000000000000e+01
4.400000000000000000e+01
6.700000000000000000e+01
3.800000000000000000e+01
2.900000000000000000e+01
3.800000000000000000e+01
3.600000000000000000e+01
3.700000000000000000e+01
1.300000000000000000e+01
2.800000000000000000e+01
8.600000000000000000e+01
3.300000000000000000e+01
9.900000000000000000e+01
5.300000000000000000e+01
3.600000000000000000e+01
9.300000000000000000e+01
3.700000000000000000e+01
8.300000000000000000e+01
2.000000000000000000e+01
4.900000000000000000e+01
1.450000000000000000e+02
6.300000000000000000e+01
4.100000000000000000e+01
8.800000000000000000e+01
3.300000000000000000e+01
4.600000000000000000e+01
2.600000000000000000e+01
5.100000000000000000e+01
