4.020000000000000000e+02
1.570000000000000000e+02
8.100000000000000000e+01
1.030000000000000000e+02
1.900000000000000000e+01
1.320000000000000000e+02
7.200000000000000000e+01
1.330000000000000000e+02
1.680000000000000000e+02
3.600000000000000000e+01
1.450000000000000000e+02
8.400000000000000000e+01
9.900000000000000000e+01
9.100000000000000000e+01
4.200000000000000000e+01
6.900000000000000000e+01
5.000000000000000000e+01
3.900000000000000000e+01
4.500000000000000000e+01
1.020000000000000000e+02
1.680000000000000000e+02
7.400000000000000000e+01
2.610000000000000000e+02
1.020000000000000000e+02
1.410000000000000000e+02
2.210000000000000000e+02
4.500000000000000000e+01
1.410000000000000000e+02
4.200000000000000000e+01
2.630000000000000000e+02
1.130000000000000000e+02
5.800000000000000000e+01
4.200000000000000000e+01
1.370000000000000000e+02
2.480000000000000000e+02
3.090000000000000000e+02
1.480000000000000000e+02
2.840000000000000000e+02
2.950000000000000000e+02
3.230000000000000000e+02
3.190000000000000000e+02
1.700000000000000000e+02
3.490000000000000000e+02
2.410000000000000000e+02
4.070000000000000000e+02
5.840000000000000000e+02
6.340000000000000000e+02
6.530000000000000000e+02
4.730000000000000000e+02
7.220000000000000000e+02
7.180000000000000000e+02
1.306000000000000000e+03
1.803000000000000000e+03
2.331000000000000000e+03
1.461000000000000000e+03
1.298000000000000000e+03
1.376000000000000000e+03
1.748000000000000000e+03
2.000000000000000000e+03
1.825000000000000000e+03
1.681000000000000000e+03
2.184000000000000000e+03
1.993000000000000000e+03
1.776000000000000000e+03
2.088000000000000000e+03
1.608000000000000000e+03
1.893000000000000000e+03
2.063000000000000000e+03
1.563000000000000000e+03
2.213000000000000000e+03
2.387000000000000000e+03
2.547000000000000000e+03
2.023000000000000000e+03
1.658000000000000000e+03
1.503000000000000000e+03
1.663000000000000000e+03
2.019000000000000000e+03
2.574000000000000000e+03
1.642000000000000000e+03
1.681000000000000000e+03
1.484000000000000000e+03
1.953000000000000000e+03
2.461000000000000000e+03
2.938000000000000000e+03
2.685000000000000000e+03
2.349000000000000000e+03
1.502000000000000000e+03
2.251000000000000000e+03
1.989000000000000000e+03
2.350000000000000000e+03
2.670000000000000000e+03
1.602000000000000000e+03
1.888000000000000000e+03
2.002000000000000000e+03
1.947000000000000000e+03
2.192000000000000000e+03
1.844000000000000000e+03
1.387000000000000000e+03
2.242000000000000000e+03
1.542000000000000000e+03
2.051000000000000000e+03
2.975000000000000000e+03
2.220000000000000000e+03
2.194000000000000000e+03
1.329000000000000000e+03
2.144000000000000000e+03
2.513000000000000000e+03
3.189000000000000000e+03
2.502000000000000000e+03
2.782000000000000000e+03
2.701000000000000000e+03
2.512000000000000000e+03
2.698000000000000000e+03
2.151000000000000000e+03
2.813000000000000000e+03
2.324000000000000000e+03
1.796000000000000000e+03
2.378000000000000000e+03
2.110000000000000000e+03
2.292000000000000000e+03
3.220000000000000000e+03
2.691000000000000000e+03
2.501000000000000000e+03
1.684000000000000000e+03
2.005000000000000000e+03
2.499000000000000000e+03
3.155000000000000000e+03
1.835000000000000000e+03
1.944000000000000000e+03
1.245000000000000000e+03
1.584000000000000000e+03
2.336000000000000000e+03
2.143000000000000000e+03
3.517000000000000000e+03
2.557000000000000000e+03
1.836000000000000000e+03
2.988000000000000000e+03
2.372000000000000000e+03
1.825000000000000000e+03
2.456000000000000000e+03
3.004000000000000000e+03
1.527000000000000000e+03
1.881000000000000000e+03
1.669000000000000000e+03
1.694000000000000000e+03
2.234000000000000000e+03
2.168000000000000000e+03
1.825000000000000000e+03
1.793000000000000000e+03
2.012000000000000000e+03
2.078000000000000000e+03
1.988000000000000000e+03
1.479000000000000000e+03
1.085000000000000000e+03
1.429000000000000000e+03
1.075000000000000000e+03
1.393000000000000000e+03
1.146000000000000000e+03
9.750000000000000000e+02
5.070000000000000000e+02
6.650000000000000000e+02
6.720000000000000000e+02
6.810000000000000000e+02
4.150000000000000000e+02
3.390000000000000000e+02
2.200000000000000000e+02
1.480000000000000000e+02
1.810000000000000000e+02
1.870000000000000000e+02
2.060000000000000000e+02
8.800000000000000000e+01
1.050000000000000000e+02
2.560000000000000000e+02
9.500000000000000000e+01
1.410000000000000000e+02
4.300000000000000000e+01
1.700000000000000000e+02
3.100000000000000000e+01
9.200000000000000000e+01
5.900000000000000000e+01
1.940000000000000000e+02
1.600000000000000000e+01
8.300000000000000000e+01
1.080000000000000000e+02
9.200000000000000000e+01
5.700000000000000000e+01
3.700000000000000000e+01
9.200000000000000000e+01
2.800000000000000000e+01
3.800000000000000000e+01
1.410000000000000000e+02
2.390000000000000000e+02
1.400000000000000000e+02
4.100000000000000000e+01
3.800000000000000000e+01
3.900000000000000000e+01
1.700000000000000000e+01
8.400000000000000000e+01
8.000000000000000000e+01
2.500000000000000000e+01
1.110000000000000000e+02
3.600000000000000000e+01
2.310000000000000000e+02
1.320000000000000000e+02
4.500000000000000000e+01
5.700000000000000000e+01
4.400000000000000000e+01
1.130000000000000000e+02
1.070000000000000000e+02
2.450000000000000000e+02
1.210000000000000000e+02
9.800000000000000000e+01
1.640000000000000000e+02
1.010000000000000000e+02
2.030000000000000000e+02
1.450000000000000000e+02
1.370000000000000000e+02
2.110000000000000000e+02
9.100000000000000000e+01
5.200000000000000000e+01
1.690000000000000000e+02
1.880000000000000000e+02
1.400000000000000000e+02
1.800000000000000000e+02
1.000000000000000000e+02
2.110000000000000000e+02
1.120000000000000000e+02
4.900000000000000000e+01
4.000000000000000000e+01
6.400000000000000000e+01
1.060000000000000000e+02
1.900000000000000000e+01
2.200000000000000000e+01
2.230000000000000000e+02
3.600000000000000000e+01
4.500000000000000000e+01
6.800000000000000000e+01
8.100000000000000000e+01
1.500000000000000000e+02
5.100000000000000000e+01
1.100000000000000000e+02
5.800000000000000000e+01
6.200000000000000000e+01
3.500000000000000000e+01
3.900000000000000000e+01
3.600000000000000000e+01
4.800000000000000000e+01
3.400000000000000000e+01
6.300000000000000000e+01
6.800000000000000000e+01
6.400000000000000000e+01
2.370000000000000000e+02
5.800000000000000000e+01
1.880000000000000000e+02
1.210000000000000000e+02
1.160000000000000000e+02
